0.000000
0.000000
0.000806
0.000000
0.000000
0.002417
0.001611
0.001611
0.000000
0.001611
0.000000
0.000000
0.000000
0.001611
0.000000
0.000806
0.000000
0.000000
0.000806
0.000000
0.000000
0.000000
0.000806
0.000000
0.004028
0.000000
0.000000
0.000000
0.000000
0.000000
0.136963
0.295679
0.486621
0.610693
0.611499
0.608276
0.608276
0.613916
0.610693
0.610693
0.628418
0.634058
0.638086
0.646143
0.653394
0.678369
0.689648
0.700928
0.697705
0.697705
0.702539
0.707373
0.700928
0.699316
0.705762
0.708984
0.742017
0.746045
0.751685
0.754907
0.754102
0.754907
0.749268
0.751685
0.757324
0.756519
0.757324
0.750879
0.757324
0.751685
0.756519
0.762158
0.799219
0.829834
0.877368
0.924902
0.933765
0.993384
0.995801
1.664502
1.064282
1.066699
1.089258
1.095703
1.096509
1.102954
1.138403
1.135986
1.177881
1.184326
1.202856
1.201245
1.206885
1.228638
1.266504
1.265698
1.268115
1.280200
1.297119
1.293896
1.302759
1.305176
1.301147
1.301147
1.326123
1.349487
1.357544
1.355127
1.363989
1.384131
1.390576
1.417163
1.452612
1.457446
1.626636
1.627441
1.690283
1.687866
1.670142
1.634692
1.687061
1.645166
1.649194
1.703174
1.737012
1.778906
1.777295
1.767627
1.768433
1.782935
1.811939
1.840137
1.880420
1.880420
1.877197
1.879614
1.882837
1.873169
1.869141
1.874780
1.873975
1.873975
1.873169
1.876392
1.873975
1.874780
1.873975
1.871558
1.873169
1.876392
1.873975
1.873975
1.878809
1.891699
1.899756
1.900562
1.898144
1.892505
1.893311
1.886865
1.892505
1.879614
1.879614
1.874780
1.882031
1.875586
1.869141
1.856250
1.865918
1.862695
1.863501
1.862695
1.853833
1.852222
1.854639
1.856250
1.853833
1.863501
1.857056
1.654834
1.657251
1.885254
1.699146
1.628247
1.902979
1.985962
2.009326
2.040747
2.039136
2.039136
2.057666
2.064111
2.060889
2.072168
2.068140
2.066528
2.072974
2.066528
2.072974
2.072974
2.070557
2.068945
2.069751
2.112451
2.130176
1.648389
1.637109
1.701563
1.628247
1.631470
1.620996
1.698340
1.650806
1.630664
1.699146
1.712842
1.683032
1.647583
1.670142
1.650000
1.625024
1.660474
1.649194
1.694311
2.484668
2.544287
2.634521
2.736841
2.848828
2.843189
2.843189
2.946313
3.038159
3.141284
3.173511
3.284692
3.295166
3.295166
3.296777
3.299194
3.297583
3.295166
3.299194
3.299194
3.299194
3.295972
3.299194
3.299194
3.299194
3.299194
3.299194
3.298389
3.297583
3.299194
3.296777
3.299194
3.294360
3.299194
3.299194
3.297583
3.299194
3.299194
3.295972
3.295166
1.692700
1.691089
1.620190
1.685449
1.667725
1.658057
1.617773
1.684644
1.686255
1.653223
1.648389
3.292749
3.299194
3.299194
3.298389
3.172705
2.818213
2.487891
1.654028
1.693506
1.637109
1.718481
1.649194
1.622607
1.689478
1.693506
1.696728
1.716064
1.645972
1.716870
1.703174
1.702368
1.623413
1.704785
1.658057
1.654834
1.620996
1.652417
1.633887
1.659668
1.666919
1.688672
1.695117
1.623413
1.695923
1.694311
1.654834
1.650000
1.687866
1.612134
1.710425
1.617773
1.633887
1.711231
1.714453
1.695117
1.616968
1.666113
1.657251
1.636304
1.632275
1.694311
1.637109
1.696728
1.624219
1.686255
1.614551
1.615356
1.662085
1.653223
1.626636
1.628247
1.653223
1.623413
1.635498
1.685449
1.708813
1.645166
1.697534
1.654834
1.625830
1.712036
1.660474
1.653223
1.686255
1.637109
1.654028
1.691895
1.664502
1.630664
1.698340
1.685449
1.695923
1.714453
1.630664
1.695923
1.689478
1.693506
1.658057
1.687866
1.658057
1.654834
1.690283
1.678198
1.633081
1.702368
1.625830
1.687866
1.616162
1.696728
1.691895
1.691895
1.693506
1.650806
1.622607
1.705591
1.610523
1.644360
1.701563
1.691895
1.989185
1.891699
1.861084
1.764404
1.693506
1.642749
1.632275
1.710425
1.698340
1.684644
1.629053
1.616162
1.727344
1.701563
1.712036
1.691089
1.661279
1.653223
1.471948
1.431665
1.371240
1.302759
1.270532
1.206885
1.195606
1.101343
1.088452
1.040918
1.038501
1.119873
1.344653
1.630664
1.687866
1.705591
1.770850
1.836914
1.902173
2.002075
1.992407
2.011743
2.017383
2.015771
2.014160
2.014966
2.015771
2.013355
2.014160
2.014160
2.013355
2.014966
2.014160
2.015771
2.013355
2.014966
2.015771
2.015771
2.013355
2.014966
2.015771
2.013355
2.014160
2.006909
2.007715
2.007715
2.009326
2.006909
2.005298
2.007715
2.009326
2.006909
2.005298
2.006909
2.006909
2.007715
2.009326
2.009326
2.009326
2.009326
2.009326
2.009326
2.007715
2.009326
2.007715
2.010132
2.009326
2.007715
2.008521
2.014966
2.014966
2.013355
2.014966
2.013355
2.010132
2.009326
2.009326
2.009326
2.009326
2.009326
2.009326
2.009326
2.009326
2.008521
2.010132
2.012549
2.012549
2.012549
2.012549
2.014160
2.014160
2.013355
2.011743
2.011743
2.013355
2.014160
2.014160
2.013355
2.011743
2.012549
2.014160
2.014160
2.011743
2.013355
2.011743
2.012549
2.011743
2.010132
2.010937
2.008521
2.014160
2.010132
2.010937
2.009326
2.012549
2.006909
2.010132
2.010937
2.010937
2.006909
2.010937
2.010132
2.010937
2.010132
2.010937
2.009326
2.010937
2.010937
2.006909
2.011743
2.010132
2.010132
2.010937
2.009326
2.010132
2.010937
2.012549
2.013355
2.013355
2.014160
2.014160
2.013355
2.014160
2.014160
2.013355
2.013355
2.014966
2.014160
2.012549
2.011743
2.011743
2.014160
2.014966
2.014160
2.014160
2.012549
2.013355
2.011743
2.011743
2.011743
2.011743
2.013355
2.013355
2.014966
2.011743
2.014966
2.014160
2.014160
2.014966
2.014160
2.014966
2.013355
2.014966
2.006909
2.006909
2.006104
2.009326
2.009326
2.008521
2.015771
2.014966
2.014160
2.014966
2.013355
2.013355
2.014966
2.014966
2.015771
2.014160
2.014966
2.013355
2.015771
2.015771
2.011743
2.012549
2.015771
2.014966
2.015771
2.015771
2.013355
2.015771
2.014966
2.013355
2.006909
2.006909
2.007715
2.006909
2.009326
2.010937
2.006909
2.007715
2.006909
2.009326
2.008521
2.014160
2.013355
2.013355
2.014160
2.014160
2.014966
2.015771
2.013355
2.014160
2.011743
2.014966
2.013355
2.014966
2.015771
2.013355
2.014966
2.014160
2.013355
2.014966
2.015771
2.009326
2.007715
2.009326
2.006104
2.006909
2.005298
2.009326
2.005298
2.006909
2.007715
2.005298
2.010937
2.007715
2.006909
2.006909
2.006909
2.007715
2.006104
2.005298
2.005298
2.009326
2.009326
2.006909
2.006909
2.008521
2.013355
2.017383
2.014966
2.015771
2.015771
2.009326
2.009326
2.007715
2.006909
2.006909
2.007715
2.004492
2.015771
2.015771
2.015771
2.013355
2.015771
2.012549
2.015771
2.014160
2.014160
2.014160
2.015771
2.012549
2.013355
2.013355
2.010132
2.011743
2.015771
2.014160
2.015771
2.015771
2.013355
2.013355
2.011743
2.013355
2.015771
2.007715
2.007715
2.007715
2.005298
2.008521
2.013355
2.013355
2.014966
2.015771
2.014966
2.011743
2.013355
2.015771
2.014160
2.014966
2.014160
2.015771
2.015771
2.014966
2.013355
2.012549
2.015771
2.013355
2.011743
2.015771
2.014160
2.005298
2.009326
2.009326
2.006909
2.006909
2.009326
2.007715
2.006909
2.006104
2.008521
2.014966
2.013355
2.016577
2.013355
2.014160
2.007715
2.005298
2.009326
2.006909
2.009326
2.005298
2.007715
2.006909
2.006909
2.009326
2.008521
1.996436
1.995630
1.995630
1.994019
1.915869
1.995630
2.105200
2.170459
2.132593
1.985156
1.894116
1.810327
1.628247
1.658057
1.683032
1.451807
1.372852
1.369629
1.364795
1.363184
1.364795
1.358350
1.361572
1.351099
1.293896
1.184326
1.095703
1.033667
1.033667
1.003052
0.891064
0.774243
0.668701
0.609888
0.529321
0.481787
0.298901
0.233643
0.143408
0.132935
0.123267
0.075732
0.000000
0.000000
0.000000
0.000000
0.000000
0.000000
0.001611
0.000000
0.001611
0.000000
0.000000
0.000000
0.003223
0.000000
0.000000
0.000000
0.002417
0.000000
0.000000
0.000000
